22
90.7521 58.2083 0
90.7521 105.304 0
150.812 105.304 0
25.1354 54.2396 1
79.375 35.7188 1
79.375 54.2396 1
79.375 104.51 1
150.812 104.51 1
25.1354 54.2396 2
25.1354 104.51 2
33.0729 92.6042 2
46.3021 74.0833 2
79.375 38.3646 2
79.375 54.2396 2
79.375 74.0833 2
79.375 104.51 2
103.188 38.3646 2
104.51 104.51 2
116.417 55.5625 2
128.323 46.3021 2
142.875 104.51 2
150.812 104.51 2
1 
0 2 
1 7 21 
5 8 
5 
6 4 3 
7 5 
6 2 21 
13 11 9 3 
8 10 15 
11 14 15 9 
14 8 10 
13 16 
14 12 8 
13 11 15 18 10 
21 14 10 9 
19 12 
18 
14 19 17 
16 20 18 
19 
15 2 7 
